kinematics:
  shoulder:
    x: 0
    y: 0
    z: 0.1626908436126706
    roll: -0
    pitch: 0
    yaw: -4.194235773091976e-08
  upper_arm:
    x: 0.0001675449115466398
    y: 0
    z: 0
    roll: 1.571064105529936
    pitch: 0
    yaw: 1.857991928908929e-06
  forearm:
    x: -0.4250156423434999
    y: 0
    z: 0
    roll: 0.001239973755535858
    pitch: -0.001459470638074371
    yaw: 4.945430892188488e-07
  wrist_1:
    x: -0.3921146227353953
    y: -0.000988594556777475
    z: 0.1335368450253583
    roll: 0.007403024211224196
    pitch: 0.001483079220459956
    yaw: -1.454572135534407e-05
  wrist_2:
    x: -4.49012560252419e-05
    y: -0.09958661933956749
    z: 0.0001011580918210642
    roll: 1.569780547188158
    pitch: 0
    yaw: -1.283782045972951e-06
  wrist_3:
    x: 1.496599258398099e-05
    y: 0.09949978374678785
    z: 4.459895579827247e-05
    roll: 1.571244558450605
    pitch: 3.141592653589793
    yaw: -3.141592584712007
  hash: calib_17037539556623877426